#(1)Station (2)Longitude (3)Latitude (4)Height

# Sumatra
ABGS,99.387521045,0.220824571,235.8392
BABI,96.671203397,2.116799787,-21.3737
BALA,98.495868107,-0.533319704,-10.9209
BITI,97.811363146,1.078603072,-7.5931
BIT2,97.810976429,1.078267404,-7.8707
BNON,96.150824225,2.520807200,8.2596
BSAT,100.284563466,-3.076691331,5.8961
BSIM,96.326181175,2.409265670,-23.3353
BTET,98.643941023,-1.281542125,21.1284
BTHL,97.710642130,0.569181487,67.3740
BUKT,100.318081729,-0.201858381,843.4344
HNKO,97.340821432,0.867895819,4.8994
JMBI,103.520322692,-1.615602362,62.4003
KLEA,98.838538935,-1.583298719,25.8313
KM20,98.757676033,-1.080826788,157.9083
KRUI,103.854699033,-5.090181297,60.4134
KTET,99.840713243,-2.362546667,34.7702
LAIS,102.033938597,-3.529225805,20.0190
LBHU,98.691836808,0.077106204,7.8361
LEWK,95.804061149,2.923593965,6.4386
LHWA,97.134483778,1.383569618,18.5930
LHW2,97.170309446,1.387730604,11.6438
LNNG,101.156492211,-2.285321099,39.6576
MEGO,101.032970199,-4.010199479,-3.8898
MKMK,101.091416526,-2.542667095,0.0968
MLKN,102.276494388,-5.352553431,16.6078
MNNA,102.890269224,-4.450341461,28.0599
MREK,98.538089134,2.969940935,1394.3109
MSAI,99.089480810,-1.326418559,28.6896
NGNG,99.268322904,-1.799661538,45.9071
PARY,100.318642847,-0.752561019,109.4879
PBAI,98.526221314,-0.031598299,-1.1541
PBJO,98.515706421,-0.636509614,35.4941
PBKR,97.082841619,2.065982204,-3.1916
PBLI,97.405279588,2.308525102,-10.1122
PKNB,101.446848521,0.462275008,41.5719
PKN2,101.447428822,0.459310232,37.5544
PKRT,99.542778379,-2.151376995,31.8635
PMGT,101.032901256,-4.010972045,27.2274
PPNJ,99.603687499,-1.993981498,34.4585
PRKB,100.399613433,-2.966593374,21.2288
PSKI,100.353403440,-1.124680937,47.6609
PSMK,97.860905429,-0.089314558,8.6424
PTBN,104.782217840,-5.764350577,25.4274
PTLO,98.280036407,-0.054596660,15.8913
RNDG,97.857156798,2.665241255,-1.7133
SDKL,98.192919984,2.796629943,889.3533
SIOB,99.696358146,-2.182775020,63.5456
SLBU,100.009724338,-2.766395680,2.1303
SLGM,99.120131088,-1.453304845,13.4196
SMGY,100.102637354,-2.614478128,6.5398
SOBY,98.939972377,-1.201547082,-3.6350
SRSU,99.217915130,-1.646498508,25.8533
TAMR,98.969508091,-1.124351195,-1.1951
TARA,99.617710204,-2.246903325,2.4208
TIKU,99.944184001,-0.399125849,18.3094
TJKG,105.174570378,-5.239545692,99.2707
TLBD,98.322167391,-0.514434684,15.0282
TLLU,99.134133992,-1.800322055,97.5103
#TMPG,104.692312910,-5.886994470,21.5871
TNTI,98.731520299,-0.966698402,20.4733
TRTK,100.624165161,-1.520750750,123.4224
UMLH,95.338989954,5.053124534,-14.5622

# Singapore
SING,103.773052666,1.362163733,97.0272
NTUS,103.679958210,1.345801600,75.3872

# Nepal
#BIRP,87.267,26.4838,0
BMCL,81.714360946,28.655818358,2240.8381
BRN2,87.272189677,26.519711263,19.9713
BRNG,87.281253242,26.438669633,9.0286
BYNA,81.200693827,29.474172335,3010.0446
CHLM,85.314082362,28.207229286,3213.0735
CTWN,84.385344353,27.668240205,133.3506
DLPA,82.817883980,28.983677460,2534.9639
DNGD,80.581781019,28.754443061,132.0001
DNSG,83.763518,28.345121,2459.0000
DRCL,80.500930117,29.733804625,1986.5451
GNTW,80.626193597,29.176515022,2415.4155
GRHI,82.491196574,27.950812401,728.4893
JMLA,82.192570334,29.277817551,2411.1437
JMSM,83.743295612,28.805276138,3438.2576
KKN4,85.278802503,27.800722850,1897.2398
KLDN,83.603291866,27.766849044,1773.3733
LMJG,84.573411897,28.174115474,2026.1660
#NAGA,85.5212,27.6927,0
#NAMC,86.7151,27.8026,0
NAST,85.327729,27.6567,1337.0000
#NEPA,81.5747,28.1341,0
#NEPJ,81.6154,28.0494,0
NPGJ,81.595301168,28.117172953,87.7476
ODRE,87.392136574,26.866088807,1995.0707
PYUT,82.986710477,28.101258942,1961.9772
RMJT,86.550006963,27.305124089,1343.0776
RMTE,86.597057752,26.990946991,2073.5397
SIM4,84.985216468,27.165641199,71.9303
#SIMP,84.9838,27.1651,0
#SKOT,81.8211,29.9684,0
SMKT,81.806540621,29.969384221,3190.9549
SNDL,85.798856060,27.384827149,2002.6879
SRNK,83.935806482,28.260204373,1639.5129
SYBC,86.712456502,27.814233348,3794.2234
TPLJ,87.709812380,27.352240636,2508.4646

# Bangladesh
BAGH,92.191855772,23.161660561,-9.1000
BARK,92.375266472,22.725569872,24.7000
BNGM,89.664778000,26.119224000,35.0000
CHIT,91.789505561,22.465327128,-26.4054
CHNR,91.515039592,24.189743836,-26.4000
DHAK,90.401257768,23.726694678,-32.9477
DIGH,92.066975119,23.250146417,1.1000
JAFL,92.019072278,25.179440497,13.0000
JAML,91.237093267,25.000432784,-35.7000
JURI,92.135311558,24.498431447,-27.9000
KHUL,89.534523324,22.802885347,-35.8660
KPTI,92.217076453,22.498625250,-0.1000
MKCH,91.844663950,22.851241139,-10.5000
MPUR,90.030129211,24.604247486,-23.2000
PUST,90.383323951,22.465025331,-38.0410
RAJS,88.638016361,24.370967701,-19.3616
RPUR,90.763188581,23.036462820,-41.3000
SITA,91.662455303,22.614835027,-32.0000

# Myanmar
GYB2,96.026091501,17.368784757,1.1587
GYBU,96.026063844,17.369912709,5.6471
HAKA,93.604463903,22.634478802,1834.4345
IGLE,96.322208254,17.396967087,1.5181
KANI,94.846507333,22.434026601,39.2883
SATG,97.096941455,17.462415001,798.4747
SDWN,96.118963070,22.586476933,81.1847
SWBO,95.718053464,22.572396505,62.4016
WAAW,96.667168325,17.469376826,-37.4733
EW02,94.049820623,19.789877590,-31.9473
EW03,93.522403718,19.425824436,-29.0230
EW04,94.517384179,20.342758618,25.3010
EW05,95.028088505,20.332602441,127.0018
EW08,97.546974814,20.911340391,1350.0545
HEHO,96.794728934,20.725987397,1116.6490
M007,95.616513213,20.473539563,250.6067
M10E,96.216513014,20.478722662,179.2481
M10W,95.970972070,20.384462155,300.9557

# Bhutan
DEOT,91.463133598,26.859715876,823.5843
TASH,91.524101441,27.286581562,1815.4344

# India
ABNG,91.739441552,26.315989172,8.4750
CRPJ,91.691207718,25.271474832,1284.6527
DRNG,92.734379030,23.759749834,1254.8201
ICHA,88.736026460,22.899923373,-38.2960
KPRA,91.812193460,26.117689874,17.9244
MPUR,91.390918304,23.986483837,-27.4868
MTWR,91.833607195,25.563700616,1515.4207
